{
 "cells": [
  {
   "cell_type": "markdown",
   "metadata": {},
   "source": [
    "# Audio similarity"
   ]
  },
  {
   "cell_type": "markdown",
   "metadata": {},
   "source": [
    "## Q1(a) "
   ]
  },
  {
   "cell_type": "code",
   "execution_count": 1,
   "metadata": {},
   "outputs": [
    {
     "data": {
      "text/html": [
       "<style>pre { white-space: pre !important; }table.dataframe td { white-space: nowrap !important; }table.dataframe thead th:first-child, table.dataframe tbody th { display: none; }</style>"
      ],
      "text/plain": [
       "<IPython.core.display.HTML object>"
      ]
     },
     "metadata": {},
     "output_type": "display_data"
    }
   ],
   "source": [
    "# Run this cell to import pyspark and to define start_spark() and stop_spark()\n",
    "\n",
    "import findspark\n",
    "\n",
    "findspark.init()\n",
    "\n",
    "import getpass\n",
    "import pandas\n",
    "import pyspark\n",
    "import random\n",
    "import re\n",
    "\n",
    "from IPython.display import display, HTML\n",
    "from pyspark import SparkContext\n",
    "from pyspark.sql import SparkSession\n",
    "\n",
    "\n",
    "# Functions used below\n",
    "def username():\n",
    "    \"\"\"Get username with any domain information removed.\n",
    "    \"\"\"\n",
    "\n",
    "    return re.sub('@.*', '', getpass.getuser())\n",
    "\n",
    "\n",
    "def dict_to_html(d):\n",
    "    \"\"\"Convert a Python dictionary into a two column table for display.\n",
    "    \"\"\"\n",
    "\n",
    "    html = []\n",
    "\n",
    "    html.append(f'<table width=\"100%\" style=\"width:100%; font-family: monospace;\">')\n",
    "    for k, v in d.items():\n",
    "        html.append(f'<tr><td style=\"text-align:left;\">{k}</td><td>{v}</td></tr>')\n",
    "    html.append(f'</table>')\n",
    "\n",
    "    return ''.join(html)\n",
    "\n",
    "\n",
    "def show_as_html(df, n=20):\n",
    "    \"\"\"Leverage existing pandas jupyter integration to show a spark dataframe as html.\n",
    "\n",
    "    Args:\n",
    "        n (int): number of rows to show (default: 20)\n",
    "    \"\"\"\n",
    "\n",
    "    display(df.limit(n).toPandas())\n",
    "\n",
    "   \n",
    "def display_spark():\n",
    "    \"\"\"Display the status of the active Spark session if one is currently running.\n",
    "    \"\"\"\n",
    "    \n",
    "    if 'spark' in globals() and 'sc' in globals():\n",
    "\n",
    "        name = sc.getConf().get(\"spark.app.name\")\n",
    "        \n",
    "        html = [\n",
    "            f'<p><b>Spark</b></p>',\n",
    "            f'<p>The spark session is <b><span style=\"color:green\">active</span></b>, look for <code>{name}</code> under the running applications section in the Spark UI.</p>',\n",
    "            f'<ul>',\n",
    "            f'<li><a href=\"http://mathmadslinux2p.canterbury.ac.nz:8080/\" target=\"_blank\">Spark UI</a></li>',\n",
    "            f'<li><a href=\"{sc.uiWebUrl}\" target=\"_blank\">Spark Application UI</a></li>',\n",
    "            f'</ul>',\n",
    "            f'<p><b>Config</b></p>',\n",
    "            dict_to_html(dict(sc.getConf().getAll())),\n",
    "            f'<p><b>Notes</b></p>',\n",
    "            f'<ul>',\n",
    "            f'<li>The spark session <code>spark</code> and spark context <code>sc</code> global variables have been defined by <code>start_spark()</code>.</li>',\n",
    "            f'<li>Please run <code>stop_spark()</code> before closing the notebook or restarting the kernel or kill <code>{name}</code> by hand using the link in the Spark UI.</li>',\n",
    "            f'</ul>',\n",
    "        ]\n",
    "        display(HTML(''.join(html)))\n",
    "        \n",
    "    else:\n",
    "        \n",
    "        html = [\n",
    "            f'<p><b>Spark</b></p>',\n",
    "            f'<p>The spark session is <b><span style=\"color:red\">stopped</span></b>, confirm that <code>{username() + \" (jupyter)\"}</code> is under the completed applications section in the Spark UI.</p>',\n",
    "            f'<ul>',\n",
    "            f'<li><a href=\"http://mathmadslinux2p.canterbury.ac.nz:8080/\" target=\"_blank\">Spark UI</a></li>',\n",
    "            f'</ul>',\n",
    "        ]\n",
    "        display(HTML(''.join(html)))\n",
    "\n",
    "\n",
    "# Functions to start and stop spark\n",
    "def start_spark(executor_instances=2, executor_cores=1, worker_memory=1, master_memory=1):\n",
    "    \"\"\"Start a new Spark session and define globals for SparkSession (spark) and SparkContext (sc).\n",
    "    \n",
    "    Args:\n",
    "        executor_instances (int): number of executors (default: 2)\n",
    "        executor_cores (int): number of cores per executor (default: 1)\n",
    "        worker_memory (float): worker memory (default: 1)\n",
    "        master_memory (float): master memory (default: 1)\n",
    "    \"\"\"\n",
    "\n",
    "    global spark\n",
    "    global sc\n",
    "\n",
    "    user = username()\n",
    "    \n",
    "    cores = executor_instances * executor_cores\n",
    "    partitions = cores * 4\n",
    "    port = 4000 + random.randint(1, 999)\n",
    "\n",
    "    spark = (\n",
    "        SparkSession.builder\n",
    "        .master(\"spark://masternode2:7077\")\n",
    "        .config(\"spark.driver.extraJavaOptions\", f\"-Dderby.system.home=/tmp/{user}/spark/\")\n",
    "        .config(\"spark.dynamicAllocation.enabled\", \"false\")\n",
    "        .config(\"spark.executor.instances\", str(executor_instances))\n",
    "        .config(\"spark.executor.cores\", str(executor_cores))\n",
    "        .config(\"spark.cores.max\", str(cores))\n",
    "        .config(\"spark.executor.memory\", f\"{worker_memory}g\")\n",
    "        .config(\"spark.driver.memory\", f\"{master_memory}g\")\n",
    "        .config(\"spark.driver.maxResultSize\", \"0\")\n",
    "        .config(\"spark.sql.shuffle.partitions\", str(partitions))\n",
    "        .config(\"spark.ui.port\", str(port))\n",
    "        .appName(user + \" (jupyter)\")\n",
    "        .getOrCreate()\n",
    "    )\n",
    "    sc = SparkContext.getOrCreate()\n",
    "    \n",
    "    display_spark()\n",
    " \n",
    "def stop_spark():\n",
    "    \"\"\"Stop the active Spark session and delete globals for SparkSession (spark) and SparkContext (sc).\n",
    "    \"\"\"\n",
    "\n",
    "    global spark\n",
    "    global sc\n",
    "\n",
    "    if 'spark' in globals() and 'sc' in globals():\n",
    "\n",
    "        spark.stop()\n",
    "\n",
    "        del spark\n",
    "        del sc\n",
    "\n",
    "    display_spark()\n",
    "\n",
    "# Make css changes to improve spark output readability\n",
    "html = [\n",
    "    '<style>',\n",
    "    'pre { white-space: pre !important; }',\n",
    "    'table.dataframe td { white-space: nowrap !important; }',\n",
    "    'table.dataframe thead th:first-child, table.dataframe tbody th { display: none; }',\n",
    "    '</style>',\n",
    "]\n",
    "display(HTML(''.join(html)))"
   ]
  },
  {
   "cell_type": "code",
   "execution_count": 2,
   "metadata": {},
   "outputs": [
    {
     "data": {
      "text/html": [
       "<p><b>Spark</b></p><p>The spark session is <b><span style=\"color:green\">active</span></b>, look for <code>ldo61 (jupyter)</code> under the running applications section in the Spark UI.</p><ul><li><a href=\"http://mathmadslinux2p.canterbury.ac.nz:8080/\" target=\"_blank\">Spark UI</a></li><li><a href=\"http://mathmadslinux2p.canterbury.ac.nz:4664\" target=\"_blank\">Spark Application UI</a></li></ul><p><b>Config</b></p><table width=\"100%\" style=\"width:100%; font-family: monospace;\"><tr><td style=\"text-align:left;\">spark.dynamicAllocation.enabled</td><td>false</td></tr><tr><td style=\"text-align:left;\">spark.executor.instances</td><td>4</td></tr><tr><td style=\"text-align:left;\">spark.app.startTime</td><td>1716441803681</td></tr><tr><td style=\"text-align:left;\">spark.driver.port</td><td>39605</td></tr><tr><td style=\"text-align:left;\">spark.driver.memory</td><td>4g</td></tr><tr><td style=\"text-align:left;\">spark.executor.memory</td><td>4g</td></tr><tr><td style=\"text-align:left;\">spark.master</td><td>spark://masternode2:7077</td></tr><tr><td style=\"text-align:left;\">spark.ui.port</td><td>4664</td></tr><tr><td style=\"text-align:left;\">spark.executor.id</td><td>driver</td></tr><tr><td style=\"text-align:left;\">spark.executor.cores</td><td>2</td></tr><tr><td style=\"text-align:left;\">spark.driver.host</td><td>mathmadslinux2p.canterbury.ac.nz</td></tr><tr><td style=\"text-align:left;\">spark.driver.extraJavaOptions</td><td>-Dderby.system.home=/tmp/ldo61/spark/</td></tr><tr><td style=\"text-align:left;\">spark.sql.shuffle.partitions</td><td>32</td></tr><tr><td style=\"text-align:left;\">spark.app.id</td><td>app-20240523172324-0046</td></tr><tr><td style=\"text-align:left;\">spark.rdd.compress</td><td>True</td></tr><tr><td style=\"text-align:left;\">spark.sql.warehouse.dir</td><td>file:/users/home/ldo61/spark-warehouse</td></tr><tr><td style=\"text-align:left;\">spark.serializer.objectStreamReset</td><td>100</td></tr><tr><td style=\"text-align:left;\">spark.driver.maxResultSize</td><td>0</td></tr><tr><td style=\"text-align:left;\">spark.cores.max</td><td>8</td></tr><tr><td style=\"text-align:left;\">spark.submit.pyFiles</td><td></td></tr><tr><td style=\"text-align:left;\">spark.app.name</td><td>ldo61 (jupyter)</td></tr><tr><td style=\"text-align:left;\">spark.submit.deployMode</td><td>client</td></tr><tr><td style=\"text-align:left;\">spark.ui.showConsoleProgress</td><td>true</td></tr></table><p><b>Notes</b></p><ul><li>The spark session <code>spark</code> and spark context <code>sc</code> global variables have been defined by <code>start_spark()</code>.</li><li>Please run <code>stop_spark()</code> before closing the notebook or restarting the kernel or kill <code>ldo61 (jupyter)</code> by hand using the link in the Spark UI.</li></ul>"
      ],
      "text/plain": [
       "<IPython.core.display.HTML object>"
      ]
     },
     "metadata": {},
     "output_type": "display_data"
    }
   ],
   "source": [
    "# Run this cell to start a spark session in this notebook\n",
    "\n",
    "start_spark(executor_instances=4, executor_cores=2, worker_memory=4, master_memory=4)"
   ]
  },
  {
   "cell_type": "code",
   "execution_count": 9,
   "metadata": {
    "scrolled": false
   },
   "outputs": [
    {
     "name": "stdout",
     "output_type": "stream",
     "text": [
      "+-----+-----+-----+-----+-----+-----+-----+-----+-----+-----+-----+-----+-----+------+-----+------+------+-------+-------+-------+-------+-------+-------+-------+-------+-------+--------------------+\n",
      "|  _c0|  _c1|  _c2|  _c3|  _c4|  _c5|  _c6|  _c7|  _c8|  _c9| _c10| _c11| _c12|  _c13| _c14|  _c15|  _c16|   _c17|   _c18|   _c19|   _c20|   _c21|   _c22|   _c23|   _c24|   _c25|                _c26|\n",
      "+-----+-----+-----+-----+-----+-----+-----+-----+-----+-----+-----+-----+-----+------+-----+------+------+-------+-------+-------+-------+-------+-------+-------+-------+-------+--------------------+\n",
      "|59.28| 4.15|5.105|2.275|2.185| 1.95|1.603|1.335|  1.3|1.396|1.395|1.267|1.171|-106.2|5.644|0.3426| 1.814|  1.033|-0.3445|-0.4305| 0.1372| 0.0312|-0.3132|-0.0815| 0.7213| -0.405|'TRHFHQZ12903C9E2D5'|\n",
      "|46.35|6.888|4.652|4.131|3.225|2.826|2.108|1.922| 1.95|1.697|1.661|1.622|1.295|-117.8|5.945| 1.041| 8.891|-0.2149|   3.74| 0.2908|   1.92|  0.125|  1.242|-0.5187| 0.2548|-0.4073|'TRHFHYX12903CAF953'|\n",
      "|38.63|3.041|2.504|2.141|1.853|1.906|1.867|1.547|1.491|1.468|1.471|1.389|1.179|-77.41|4.352|-0.118| 3.153|  1.035|  1.283|  1.408| 0.5908| 0.4882| 0.5522|-0.3168|-0.5887|0.03743|'TRHFHAU128F9341A0E'|\n",
      "|33.49|5.009| 4.56|3.153|2.383|  2.4|2.113|1.985|2.075|1.827|1.716|1.774|1.448|-98.37|4.949|-3.452|  1.62| -1.351|  2.264|-0.2145| 0.3408| -0.604|  1.261| -1.527|0.02701|-0.7334|'TRHFHLP128F14947A7'|\n",
      "|37.43|4.107|3.167|2.793|2.158|1.926|1.814|1.598|1.622|1.547|1.532| 1.31|1.239|-80.56|5.324|-3.343| 7.034| -1.063|  1.167| 0.0559|  1.682|-0.6607|  1.038|-0.1167|  0.462|-0.3687|'TRHFHFF128F930AC11'|\n",
      "|39.64|6.211|4.122|3.262|2.768|2.745|2.464|2.407|2.666|2.013|2.045| 1.78|1.596|-117.3|18.82|-2.107|-1.356| 0.8952| -1.529| -2.008|  1.375| -2.464|  1.029| -1.027| 0.0647|-0.7502|'TRHFHYJ128F4234782'|\n",
      "|56.25|3.235| 2.33|2.095|1.754|1.723|1.608|1.496|1.497|1.466|1.446|1.322|1.252|-116.4|9.913| 3.551| 4.608| -1.198|-0.2131| -1.013|-0.1782|-0.1977| 0.4454| 0.1277|-0.5225|-0.4713|'TRHFHHR128F9339010'|\n",
      "|45.51|7.431|4.916|3.965|2.944|3.142| 2.79|2.133|2.104|1.937|1.769|1.529|1.534|-140.9|13.65| 2.634|  1.46|-0.8324|-0.3548| 0.9817| -1.161|-0.6234|-0.3629| -1.283|-0.7031|-0.7706|'TRHFHMB128F4213BC9'|\n",
      "|38.62|6.651|4.561|  3.3|2.938|2.442|2.435|2.162| 1.94|1.648|1.587|1.421|1.333|-124.5| 21.1| 2.003| 3.228| -1.158|  1.279|-0.7887| 0.8181|-0.2167|   1.54| -1.188| 0.7965|-0.6392|'TRHFHWT128F429032D'|\n",
      "|46.05|6.799|3.876|3.552|2.802|2.655|2.463|2.354|2.181|2.109|1.878|1.859|1.661|-109.0| 5.21| 3.034| 4.832|  2.116|  1.751| 0.9683|  1.664|  0.581|  1.134|-0.4208| 0.5897| -0.432|'TRHFHKO12903CBAF09'|\n",
      "+-----+-----+-----+-----+-----+-----+-----+-----+-----+-----+-----+-----+-----+------+-----+------+------+-------+-------+-------+-------+-------+-------+-------+-------+-------+--------------------+\n",
      "only showing top 10 rows\n",
      "\n",
      "+-------+-----------------+------------------+------------------+------------------+------------------+------------------+-------------------+------------------+-------------------+------------------+------------------+------------------+------------------+-------------------+------------------+-------------------+------------------+-------------------+------------------+-------------------+------------------+-------------------+------------------+------------------+------------------+-------------------+--------------------+\n",
      "|summary|              _c0|               _c1|               _c2|               _c3|               _c4|               _c5|                _c6|               _c7|                _c8|               _c9|              _c10|              _c11|              _c12|               _c13|              _c14|               _c15|              _c16|               _c17|              _c18|               _c19|              _c20|               _c21|              _c22|              _c23|              _c24|               _c25|                _c26|\n",
      "+-------+-----------------+------------------+------------------+------------------+------------------+------------------+-------------------+------------------+-------------------+------------------+------------------+------------------+------------------+-------------------+------------------+-------------------+------------------+-------------------+------------------+-------------------+------------------+-------------------+------------------+------------------+------------------+-------------------+--------------------+\n",
      "|  count|           994623|            994623|            994623|            994623|            994623|            994623|             994623|            994623|             994623|            994623|            994623|            994623|            994623|             994623|            994623|             994623|            994623|             994623|            994623|             994623|            994623|             994623|            994623|            994623|            994623|             994623|              994623|\n",
      "|   mean|46.24249859494517| 5.611131172112441| 4.304985814350773|3.2265077214140474|2.6857351502669946|2.4386808561489195|  2.241233486221423|1.9406361865024095| 1.8686131949018878| 1.825155394964726|1.6955911254565834|1.5781773833070414|1.4398646442491283|-115.59257219066836|11.392127466813104|-0.5534998088467622| 4.066574771745199|-0.2978992831513065|0.9740160068880853|-0.7772938419444771|1.0654974129380008|-0.6177456971876133|0.9894734842247074|-0.666371430178934|0.2864940668087436|-0.5510901588250339|                null|\n",
      "| stddev|23.14560248298807|1.8899364264968763|1.2052843850324941|0.7316868534116313|0.5861501761953776|  0.50160715471356|0.42181309487313284|0.3481757007129871|0.33193011277836604|0.3161322442104294|0.3197895630596881|0.2807041487616942|0.2532964546176247|  43.36804507302752|6.7600631282819625|  4.036609641037462|2.4289482754121634| 1.7483692371223167|1.5423332699267618| 1.2125057142924198|1.0698685145122822| 0.9593557763148721|0.7971012920853822|0.7505053318672915|0.6325169315977884| 0.5658620831688016|                null|\n",
      "|    min|              0.0|               0.0|               0.0|               0.0|               0.0|               0.0|                0.0|               0.0|                0.0|               0.0|               0.0|               0.0|               0.0|            -1150.0|            -115.7|             -37.68|            -33.08|             -19.74|            -16.39|             -14.68|            -15.24|             -38.85|            -7.523|            -11.13|            -7.127|             -24.18|'TRAAAAK128F9318786'|\n",
      "|    max|            544.0|             51.19|             24.48|             20.28|             21.02|             33.46|              19.15|             23.39|              23.08|             26.12|             37.27|             25.74|             19.38|             -50.81|              62.3|              58.51|             36.08|              49.66|             78.78|              42.52|              55.6|              53.53|             54.79|             85.05|             59.06|              28.42|'TRZZZZO128F428E2D4'|\n",
      "+-------+-----------------+------------------+------------------+------------------+------------------+------------------+-------------------+------------------+-------------------+------------------+------------------+------------------+------------------+-------------------+------------------+-------------------+------------------+-------------------+------------------+-------------------+------------------+-------------------+------------------+------------------+------------------+-------------------+--------------------+\n",
      "\n",
      "DenseMatrix([[ 1.        ,  0.1527739 ,  0.09445658,  0.10279184,  0.07892189,\n",
      "               0.06579502,  0.06138222,  0.06010528,  0.05880298,  0.05402036,\n",
      "               0.05856993,  0.04240489,  0.04404238, -0.35763459, -0.02912342,\n",
      "               0.02815645, -0.06872324,  0.02558625, -0.06196748,  0.02534734,\n",
      "              -0.07475547,  0.02261426, -0.06219082,  0.04666277, -0.05579841,\n",
      "               0.0567399 ],\n",
      "             [ 0.1527739 ,  1.        ,  0.66384513,  0.59166504,  0.54326066,\n",
      "               0.48598814,  0.4258197 ,  0.44418231,  0.40329511,  0.36767508,\n",
      "               0.34105174,  0.30672074,  0.29748861, -0.16387644,  0.24074877,\n",
      "               0.21229693, -0.04982932,  0.07277729,  0.04183084, -0.03012724,\n",
      "              -0.05447235, -0.05384799,  0.00368902,  0.02372321,  0.00216407,\n",
      "               0.07004752],\n",
      "             [ 0.09445658,  0.66384513,  1.        ,  0.68786922,  0.65005554,\n",
      "               0.6014555 ,  0.54665591,  0.52376594,  0.48916748,  0.44398785,\n",
      "               0.40578231,  0.38453811,  0.38735255, -0.13436372,  0.21488261,\n",
      "               0.11249784, -0.05757751,  0.05684077, -0.02526823, -0.01577379,\n",
      "              -0.05408346, -0.07238876,  0.01787636,  0.01765732, -0.02716909,\n",
      "               0.05359758],\n",
      "             [ 0.10279184,  0.59166504,  0.68786922,  1.        ,  0.74321258,\n",
      "               0.68783873,  0.66075324,  0.6021771 ,  0.56806461,  0.5311712 ,\n",
      "               0.46312031,  0.43483797,  0.4356524 , -0.07918697,  0.13591754,\n",
      "               0.1285908 , -0.00617749, -0.00343246, -0.03274745, -0.01582686,\n",
      "              -0.03022846, -0.09987195,  0.03607781,  0.00275802, -0.02027116,\n",
      "               0.03147391],\n",
      "             [ 0.07892189,  0.54326066,  0.65005554,  0.74321258,  1.        ,\n",
      "               0.71735903,  0.75309142,  0.67946102,  0.65410227,  0.61863843,\n",
      "               0.56685435,  0.52272204,  0.52413299, -0.07479838,  0.16510778,\n",
      "               0.06013274, -0.03744056, -0.04738834, -0.04383621, -0.08795254,\n",
      "              -0.0180927 , -0.13879403,  0.06225037,  0.06660975,  0.00184249,\n",
      "               0.05479597],\n",
      "             [ 0.06579502,  0.48598814,  0.6014555 ,  0.68783873,  0.71735903,\n",
      "               1.        ,  0.76171113,  0.73027037,  0.71029733,  0.66133019,\n",
      "               0.62390085,  0.59203444,  0.5761278 , -0.03945812,  0.13408912,\n",
      "               0.08160328, -0.0898588 ,  0.00612807, -0.11893261,  0.01948113,\n",
      "              -0.05567059, -0.13409128,  0.11462385, -0.01819244,  0.01940267,\n",
      "               0.06218626],\n",
      "             [ 0.06138222,  0.4258197 ,  0.54665591,  0.66075324,  0.75309142,\n",
      "               0.76171113,  1.        ,  0.77305385,  0.75636169,  0.72833632,\n",
      "               0.67015734,  0.63649042,  0.6235161 , -0.0194256 ,  0.13885746,\n",
      "               0.03784304, -0.09923769, -0.07574675, -0.10295993, -0.05592079,\n",
      "              -0.0367723 , -0.14152598,  0.09686602,  0.02079911,  0.03130932,\n",
      "               0.06305258],\n",
      "             [ 0.06010528,  0.44418231,  0.52376594,  0.6021771 ,  0.67946102,\n",
      "               0.73027037,  0.77305385,  1.        ,  0.80938408,  0.75811712,\n",
      "               0.72755574,  0.70372593,  0.69356471, -0.03578375,  0.19038304,\n",
      "               0.02231188, -0.08526928, -0.08432602, -0.0739166 , -0.05192666,\n",
      "              -0.04171502, -0.10747248,  0.07827162, -0.02444264,  0.04088321,\n",
      "               0.01772892],\n",
      "             [ 0.05880298,  0.40329511,  0.48916748,  0.56806461,  0.65410227,\n",
      "               0.71029733,  0.75636169,  0.80938408,  1.        ,  0.82197969,\n",
      "               0.77290288,  0.75732755,  0.73143869, -0.03721456,  0.21825193,\n",
      "               0.00561047, -0.11009768, -0.11390363, -0.14002492, -0.08748035,\n",
      "              -0.05924282, -0.18761437,  0.11040633, -0.01861107, -0.00173901,\n",
      "               0.01393388],\n",
      "             [ 0.05402036,  0.36767508,  0.44398785,  0.5311712 ,  0.61863843,\n",
      "               0.66133019,  0.72833632,  0.75811712,  0.82197969,  1.        ,\n",
      "               0.79129567,  0.77553231,  0.75010718, -0.03329041,  0.24483018,\n",
      "               0.00888877, -0.12204413, -0.11545246, -0.17206032, -0.108809  ,\n",
      "              -0.09657286, -0.2086426 ,  0.10909269, -0.03828544,  0.00609611,\n",
      "               0.02988267],\n",
      "             [ 0.05856993,  0.34105174,  0.40578231,  0.46312031,  0.56685435,\n",
      "               0.62390085,  0.67015734,  0.72755574,  0.77290288,  0.79129567,\n",
      "               1.        ,  0.83752278,  0.76425843, -0.04871203,  0.24718911,\n",
      "              -0.0301049 , -0.12761928, -0.14071589, -0.1482305 , -0.1072395 ,\n",
      "              -0.0981675 , -0.16965514,  0.07641239,  0.00669431,  0.05083156,\n",
      "               0.01467666],\n",
      "             [ 0.04240489,  0.30672074,  0.38453811,  0.43483797,  0.52272204,\n",
      "               0.59203444,  0.63649042,  0.70372593,  0.75732755,  0.77553231,\n",
      "               0.83752278,  1.        ,  0.82687034, -0.0372364 ,  0.26694918,\n",
      "              -0.07100643, -0.13583191, -0.16988787, -0.14423389, -0.11855864,\n",
      "              -0.10106536, -0.16429775,  0.08055721, -0.03015661,  0.03736305,\n",
      "              -0.00345947],\n",
      "             [ 0.04404238,  0.29748861,  0.38735255,  0.4356524 ,  0.52413299,\n",
      "               0.5761278 ,  0.6235161 ,  0.69356471,  0.73143869,  0.75010718,\n",
      "               0.76425843,  0.82687034,  1.        , -0.05470299,  0.31188142,\n",
      "              -0.08958335, -0.1431433 , -0.18494976, -0.16455136, -0.13841173,\n",
      "              -0.12768719, -0.19027253,  0.05079873, -0.06817866,  0.01166276,\n",
      "              -0.00173638],\n",
      "             [-0.35763459, -0.16387644, -0.13436372, -0.07918697, -0.07479838,\n",
      "              -0.03945812, -0.0194256 , -0.03578375, -0.03721456, -0.03329041,\n",
      "              -0.04871203, -0.0372364 , -0.05470299,  1.        , -0.26575908,\n",
      "              -0.00602845,  0.09137452,  0.05012953,  0.09997479,  0.07592956,\n",
      "               0.15135968,  0.10644999,  0.08992724,  0.00843263,  0.04170081,\n",
      "              -0.01716143],\n",
      "             [-0.02912342,  0.24074877,  0.21488261,  0.13591754,  0.16510778,\n",
      "               0.13408912,  0.13885746,  0.19038304,  0.21825193,  0.24483018,\n",
      "               0.24718911,  0.26694918,  0.31188142, -0.26575908,  1.        ,\n",
      "              -0.28791179, -0.02616131, -0.24942255, -0.20754191, -0.30327431,\n",
      "              -0.21827197, -0.359948  , -0.07416754, -0.20912634, -0.0237145 ,\n",
      "              -0.15268045],\n",
      "             [ 0.02815645,  0.21229693,  0.11249784,  0.1285908 ,  0.06013274,\n",
      "               0.08160328,  0.03784304,  0.02231188,  0.00561047,  0.00888877,\n",
      "              -0.0301049 , -0.07100643, -0.08958335, -0.00602845, -0.28791179,\n",
      "               1.        , -0.19874188,  0.41320581,  0.05434742,  0.24839492,\n",
      "              -0.08364428,  0.21930322, -0.10163114,  0.19410057, -0.13811916,\n",
      "               0.23536613],\n",
      "             [-0.06872324, -0.04982932, -0.05757751, -0.00617749, -0.03744056,\n",
      "              -0.0898588 , -0.09923769, -0.08526928, -0.11009768, -0.12204413,\n",
      "              -0.12761928, -0.13583191, -0.1431433 ,  0.09137452, -0.02616131,\n",
      "              -0.19874188,  1.        , -0.05899484,  0.36885724, -0.06999697,\n",
      "               0.31276806, -0.05505538,  0.13766699, -0.14190872,  0.23771318,\n",
      "              -0.25431209],\n",
      "             [ 0.02558625,  0.07277729,  0.05684077, -0.00343246, -0.04738834,\n",
      "               0.00612807, -0.07574675, -0.08432602, -0.11390363, -0.11545246,\n",
      "              -0.14071589, -0.16988787, -0.18494976,  0.05012953, -0.24942255,\n",
      "               0.41320581, -0.05899484,  1.        ,  0.00154255,  0.43841251,\n",
      "               0.03421616,  0.3372491 , -0.12731089,  0.24898017, -0.14880989,\n",
      "               0.26755787],\n",
      "             [-0.06196748,  0.04183084, -0.02526823, -0.03274745, -0.04383621,\n",
      "              -0.11893261, -0.10295993, -0.0739166 , -0.14002492, -0.17206032,\n",
      "              -0.1482305 , -0.14423389, -0.16455136,  0.09997479, -0.20754191,\n",
      "               0.05434742,  0.36885724,  0.00154255,  1.        ,  0.01632042,\n",
      "               0.46855881,  0.10393379,  0.24381233, -0.03167875,  0.31166798,\n",
      "              -0.14675519],\n",
      "             [ 0.02534734, -0.03012724, -0.01577379, -0.01582686, -0.08795254,\n",
      "               0.01948113, -0.05592079, -0.05192666, -0.08748035, -0.108809  ,\n",
      "              -0.1072395 , -0.11855864, -0.13841173,  0.07592956, -0.30327431,\n",
      "               0.24839492, -0.06999697,  0.43841251,  0.01632042,  1.        ,\n",
      "              -0.04319728,  0.42831439, -0.06357623,  0.21551141, -0.12358712,\n",
      "               0.29579435],\n",
      "             [-0.07475547, -0.05447235, -0.05408346, -0.03022846, -0.0180927 ,\n",
      "              -0.05567059, -0.0367723 , -0.04171502, -0.05924282, -0.09657286,\n",
      "              -0.0981675 , -0.10106536, -0.12768719,  0.15135968, -0.21827197,\n",
      "              -0.08364428,  0.31276806,  0.03421616,  0.46855881, -0.04319728,\n",
      "               1.        , -0.00444151,  0.3899857 ,  0.02672541,  0.32698996,\n",
      "              -0.13285135],\n",
      "             [ 0.02261426, -0.05384799, -0.07238876, -0.09987195, -0.13879403,\n",
      "              -0.13409128, -0.14152598, -0.10747248, -0.18761437, -0.2086426 ,\n",
      "              -0.16965514, -0.16429775, -0.19027253,  0.10644999, -0.359948  ,\n",
      "               0.21930322, -0.05505538,  0.3372491 ,  0.10393379,  0.42831439,\n",
      "              -0.00444151,  1.        , -0.11369391,  0.36124462, -0.05624696,\n",
      "               0.26440647],\n",
      "             [-0.06219082,  0.00368902,  0.01787636,  0.03607781,  0.06225037,\n",
      "               0.11462385,  0.09686602,  0.07827162,  0.11040633,  0.10909269,\n",
      "               0.07641239,  0.08055721,  0.05079873,  0.08992724, -0.07416754,\n",
      "              -0.10163114,  0.13766699, -0.12731089,  0.24381233, -0.06357623,\n",
      "               0.3899857 , -0.11369391,  1.        , -0.10364138,  0.36098529,\n",
      "              -0.12966747],\n",
      "             [ 0.04666277,  0.02372321,  0.01765732,  0.00275802,  0.06660975,\n",
      "              -0.01819244,  0.02079911, -0.02444264, -0.01861107, -0.03828544,\n",
      "               0.00669431, -0.03015661, -0.06817866,  0.00843263, -0.20912634,\n",
      "               0.19410057, -0.14190872,  0.24898017, -0.03167875,  0.21551141,\n",
      "               0.02672541,  0.36124462, -0.10364138,  1.        , -0.11520741,\n",
      "               0.33382708],\n",
      "             [-0.05579841,  0.00216407, -0.02716909, -0.02027116,  0.00184249,\n",
      "               0.01940267,  0.03130932,  0.04088321, -0.00173901,  0.00609611,\n",
      "               0.05083156,  0.03736305,  0.01166276,  0.04170081, -0.0237145 ,\n",
      "              -0.13811916,  0.23771318, -0.14880989,  0.31166798, -0.12358712,\n",
      "               0.32698996, -0.05624696,  0.36098529, -0.11520741,  1.        ,\n",
      "              -0.23846566],\n",
      "             [ 0.0567399 ,  0.07004752,  0.05359758,  0.03147391,  0.05479597,\n",
      "               0.06218626,  0.06305258,  0.01772892,  0.01393388,  0.02988267,\n",
      "               0.01467666, -0.00345947, -0.00173638, -0.01716143, -0.15268045,\n",
      "               0.23536613, -0.25431209,  0.26755787, -0.14675519,  0.29579435,\n",
      "              -0.13285135,  0.26440647, -0.12966747,  0.33382708, -0.23846566,\n",
      "               1.        ]])\n"
     ]
    },
    {
     "data": {
